-6.183076E+17
9390328
-1.03802E+14
-2.48905E-13
1.604403E-17
-228426.4
-8.532722E-16
2.721365E-06
-5.468278E-06
-1.495046E-18
-0.0009395368
-1.810818E+09
-2.151077E-10
-0.1194402
9.493414E-15
1.17768E+08
-5.59759E-15
-3987986
-0.0002655072
5.361529E-11
-1.015797E-18
4.164948E-12
-0.0001609788
10.38018
0.09929301
-8.546775E-06
3.51464E-06
-2.442035E-15
-1.487207E-05
2.279461E+10
-150.9705
-4707821
1.249237E-09
-0.4024742
-2.593184E+13
-1.798642E-16
-1.319315E-08
0.001784319
3.874103E-17
2.195171E-06
1.407065E-10
6.416033E+11
-9.830204E+07
-2.637357E+08
5.279931E+10
0.002865652
-318.2491
1.529793E+13
2.868776E+11
2.976408
98.26512
-2.219721E-05
3.109692E+09
-3.329702E+10
-5.491052
63.19595
-4.568368E-17
-2.654109E-14
-7.113644
-2.793474
-3.106423E-18
7.251374E+11
-4.766328E+10
2.623275E-05
1.343934E-09
395.8687
6.992966E-09
170.7799
0.000310513
-1.669342E+13
6.266166E-12
-17.90587
3.113941E-05
-1.111386E+14
-2.552447E+11
6.073142E-19
-3.545537E-07
1.55778
85.2266
1.54816E+13
3328.496
-5.92511E-06
-6.489776E-16
-6534250
8.135543E-19
5.442861E+18
-1.788341E+09
5.497702E-09
2.294679E+10
7.592353E-17
1.531281E+13
2.887727E+17
6.852168E+07
-9.300635E-05
-9.314855E-16
4.430436E-11
-1.599042E+13
-1.376215E-15
-5.102231E-11
3.882628E-19
-1.375319E+17
-4.219006E+11
-2.435727E-11
-1.295501E+11
4.357779E-16
-5.31378E+12
-1.10616E+11
-1.438271E+07
5.662356E+10
-1.197376E-09
-9.664167E-19
2.595924E-05
-0.0001987943
0.341627
-1.205375E+08
0.3931118
-1.045326
1.593615E+16
7.399758E-14
3.796975E-17
15316.75
-9.636802E+10
3703.779
1.048226E-15
-1.962412E+12
9.262014E-18
-47491.98
-1.447086E+12
297.9955
-1.089537E-06
-2.389756E-19
8.353011E-20
-1.525125E-17
3.221192E-07
-9197211
6942.72
5.194419E+17
-1.378814E-14
8.450424E-05
-3.074431E-19
-6.017089E-20
6.806555E+12
6.329157E-08
-5.317781E-08
-2.182088E+15
8.797021E-10
-1.772393E-06
8.498635E-20
0.06980783
-0.001816426
-238.0051
7.074913E+08
-2.236204E+09
5.493592E+16
3.062066E-12
-8.906399E+18
-1.660937E-19
-1.755542E+16
2.764496E+10
-3.224113E+12
4.569148E-20
9.732413E+10
-4.022067E+16
-1.313844E-10
1.893232E-17
-4.418243E+11
-5.23659E-16
-1.969034E+14
-10356.75
-6.082025E+16
-1.058384E-07
4.093081E-13
3.07494E-07
-2.958126E+17
-8.554901E+15
947.3062
-3.552205E-10
-9.024624E-17
1.008455E-20
-6.959544E-06
6.813178
8.014626E-06
-4.90541E-15
-7.212764E+16
6643.409
-3.363782E-16
4.49151E-17
-1.03617E+16
-1.482693E+16
1.739848
-7.759406E-06
1.154386E+13
-4.183925E-13
-1.864262E-06
-1.02726E+12
-7.030992E-19
-2.020731E+09
-1.915133E+15
6.093753E-18
-3.553752E+14
-5.348576E+17
5.48194E-08
9.23226E-11
-4.301813E-06
9.676289E+13
1.132686E-12
3.394434E-12
11555.82
-1.432466E+13
0.001624275
-4.215425
9.968833E+08
-3.581344E+07
-6.78192E-12
1.541453E-15
0.001167081
-0.01544374
2.170428E+11
-0.05767301
-7.418171E+09
-71.36646
6.425898E-20
-2.100386E+08
-1.321356E+16
8.923067E-07
4.106788E-09
2.997483E+11
-2.681693E+10
1.171591E+17
1.051328E+07
-301959.7
4.190775E-13
-4.425718E+13
2.247476E+17
6.811973E-12
3.334284E-19
-3.169413E+17
1374.507
-6.401504E+12
9.32412E-12
-1.035486E+08
2.072356E-09
6.440407E+14
-2.053183E-07
-3.751105E+10
-0.004064405
-7.906221E+17
-4.029425E+09
-1.491725E-17
-4.45436E-12
4.152465E-06
-1.896847E+09
6.109068E-11
-1.246475E-16
1.973605E-14
1.601116E+10
-2.637834E-05
-2.979752E-16
-2.510373E+11
0.00010414
1.459863E-12
-6.996805E-11
0.04695754
-6.178851E+17
-585.6245
-1.366076E-13
-1.524617E+07
-110.1984
-5.467952E+11
4.214606E+15
-1.257407E-09
-2.391959E+07
1.611912E+10
1.233693E-17
-4.976279E+14
-7.342545E-17
3.40939E+16
2.500952E-12
7.633608E+16
-9.774413E+08
-4.506874E-14
1.350586E+14
0.8378462
-67.6907
2.237281E-15
-8.678099E+08
3.647641E+09
788.3094
17623.81
-2.117866E-11
-0.01142053
52049.19
-1327.207
-6.057484E-11
1.278368E+12
-6.891881E-11
16872.88
-3.798498E+08
608.053
0.000991085
98.97315
9.1336E-12
4.008036E+09
4.515789E+18
2.213407E+09
-0.6985862
8.671607E+10
8.142552E+17
3.361412E-19
-1.079486E+14
238894.6
-3.616642E-20
9.035438E-21
-9.74486E+14
-4.55328E-18
8.395919E-15
-3.67907
-1.435374E+08
-933687.7
722257.7
-5.806812E-11
-1.393599E+16
-4.064218E+09
1.641869E-06
1.110424E-10
-0.001645041
3.491887E+15
-3.243779E-08
-3.293237E-18
-0.0002016494
-8.686089E-10
-1.590915E-19
0.004266729
1.000857E-07
-3.894295E+18
-4.157646E+09
1.703332E+16
-3.025603E-07
-19388.7
-0.0008562058
-8.475404E+09
-402.6944
9.508426E-07
-104.6941
-0.003673392
3.620287E-10
0.007568188
2.679815
1.551587E-19
0.4477485
31.45419
1.311717E+08
5.353038E+13
3.838516E+08
-4.605169E-21
-0.01209528
9.841165E-11
2.560701E-12
-11.00062
-2.170828E-15
-7.736535E-05
-5.548526E-09
-8.762093E+09
-0.0003510221
0.0007100216
-0.0005260992
-1.1609E-05
0.05115825
1.158056E+08
-3.224388E-15
-3.428637E-19
1.544464E-19
1.399401E+16
3.928424E-19
3.434688E+07
0.03017454
2.571653E-08
7.028545E-20
-9.256902E+08
4.024038E+11
-1.245219E+11
2.476883E-12
-7.170019E-16
-3.602878E-06
-3791342
-1.512374E-05
-3.012921E+16
5.129105
1.001662E-14
3.644411E-07
-2.018951E-09
11.10633
53920.92
1.406145E-08
3.050748E+13
-3.014227E-10
5767.002
1.501946E+10
1.307848E+17
5.533954E+11
-2.670803E+07
7.251068E+10
11321.85
1.014877E+07
-1.680325E-09
2.209661E-07
5349.117
218212
2.999574E+12
1.608039E-07
-7.317953E+14
8.59142E-18
6.885423E-11
-3.344355
4.18454E-15
-3.24202E+18
4.810625E-20
6.453327E-12
69.76041
1.201183E+13
2.1432E-09
-995580
4.459246E-15
4.563407E-13
91079.33
-5.23694E-08
1.244106E-12
0.001479465
-2.03971E-20
3.456435E-10
2172179
-0.0002042921
-7.367954E+13
-3.550245E+08
-3.48233E+16
-2.322635E+12
-6.673254E-05
-3.131573E-12
1.847066E+15
-1.314086E-14
3311.078
-2.424784E-16
0.8232012
32398.65
-3.913356E-10
-5.296126E-20
-1.209936E-17
-2.762518E+15
2.904669E+18
-1379666
-6.625169E-17
-3.761044E-12
6.780435E-19
-3.651112E+15
3.971921E-07
-7.008973E+13
0.01286212
3.735566E-11
6.209912E+13
-1.773735E+08
1.972702E+17
8.023615E+17
-0.01473714
1.197043E-05
0.02580343
8.134462E-09
8.002897E-20
-6.620376E-06
-0.0004878013
-2.575527E-15
5.16724E-06
-1881.782
3.301515E-15
-5.612192E-12
-1.027976E-17
3.728057E+18
-5.237568E+17
-3.617724E-07
-4.410388E+08
0.01224355
2.456455E-17
-3.99163E-16
5.402814E-10
3.372489E-14
-9.615713E+17
-7.182067E-10
-2.719879E-12
-1.192537E+11
-1.137385E-12
2.71331E+14
-8.174493E-13
-1.396523E-20
-2.382616E-14
2.516084E+17
-1.310791E-20
0.0008914905
-0.08407351
3.399967E+16
-9.540411E+16
-6.416989E+10
-1.165243E+12
0.896763
-5.097375E-08
-808314.5
-1.016336E-17
1.273365E-09
-3.311336E+15
727.6177
-45361.24
2.754817E-14
4.899278E+07
-6.214826E+15
-4.174551E-08
6.410994E-12
-0.885738
-1285424
3.525322
1.627169E-15
-1.377716E-11
-5.838482E-19
-1.143843E+15
5.057455E-20
1.937138E+18
9.264839E-07
5.380177E+09
1.599655E-12
2.989225E-10
2.346602E+18
-4.292315E-20
-0.04034896
-3.965603E-09
-8.16213E+12
1.069769E-11
-2.814383E+10
-0.001828399
2.713428E-05
3349.29
-0.0001891293
-1.278526E+14
0.1585249
9.471985E-14
-9.176619E-06
-2.791904E+17
-1.026402E+12
2.62609E+18
-5.624184E-18
0.895247
-1.649435E+08
-1.078948E-10
1.813465E-14
-1.147508E+08
3.928488E-13
-4.125257
1.244517E+08
-1906932
-1111.762
1.647098E-07
4.300466E+10
-1.967985E+08
-6.344536E+07
-7.317679E+12
-8.499912E+08
0.0006406113
4.26595E+18
4862016
-4270842
-2.510581
1.08949E-06
6526.252
-6.337599E+16
-1.479609E+14
-1.990617E+16
3.843434E-18
-10.44476
-5345447
2.380379E-07
4.238755E+14
2.065778E+18
1.942982E-13
-0.4099311
0.8733183
-1.975953E-07
-25.82314
-3217182
338.8739
-1.377536E+17
-3.077769E-16
4.31542E-08
-6.272739E+14
371368.5
4.579454E+13
30872.08
0.02218937
1.930476E+16
0.01117191
-7.900297E-11
-1.732414E+10
-1.964561E+11
-2.07807E+17
-6.426049E-16
1.493554E-05
8.952749E+17
-1.213401E+17
-6.392733E-15
-7.178987E-17
614.5391
-3.460849E+16
2.147059E+12
-3.143145E+13
-1.557732E-14
-6.97889
2.813082E-14
0.0002185098
3.142566E-18
-9.906949E-20
-7.846158E-07
5.072369E-20
-130.0504
2.082827E-11
-15.67959
3.323062E-05
-3.899511E-19
-3.897698E-10
7.68785E+09
1.038292E+15
-6.367149E-19
-3.362062E-11
3.209675E+15
-1.030551E+15
1.799487E-11
-8.302504E-06
-1.798204E+14
-1.280436E+12
8.592899E+12
2.355595E+16
4.296056E-07
4.064976E-14
7.93386E-12
0.0001747056
1.325345E+11
8.225546E+12
-7.730785E-16
-3.50958E-10
150.3342
-5.455973E+16
1.71165
4.026881E-19
-1.904171E-10
1.591042E+10
-3.524395E+14
-2.461032E-18
1.978874E-19
-1.492112E-05
3.387605E-11
-26.09513
3.756988E-14
0.5283034
-9.361869E-20
4.375674E-18
-1.3041E+12
4.245749E-14
6.854066E+12
7.39097E+08
-0.0002905391
2959.607
0.0007512675
2.816777E-14
2.463197E-06
2.538086E+16
-0.01462617
-4.783906E+17
3072.977
-8.890376E+17
4.74567E-11
-7.781096
-2.94551E-17
-35.75874
-1.943561
13715.17
9.437828E-13
-1.01439E+12
3.941775E+11
6.890704E+16
-3.113295E+10
8.870425E+18
-6.229171E-14
-3.097054E-07
-0.0001026946
-1.993818E-14
1588.894
261654.9
-5.896858E+18
8.464663E+17
-4.172731E-05
0.005233455
3.344745E+11
-3.46559E-13
117652.5
1.089785E+10
-1.194608E-08
7.213339E-14
0.06776047
-9.391834E-15
-2.239968E-16
2.946836E+10
-5.165205E-10
-9.009985E+13
-5.254505E+16
0.05687733
-1.072568E-10
0.0002082021
-2.241662E+12
-4.689644E-13
4733167
1.989506E+11
5.484273E-14
6.661456E+07
-5.156026E+10
-1.532032E-10
-6.450095E-11
-1.444488E+16
-17.38381
-4.343064E-20
2.166414E-14
-42884.13
9.303069E+10
0.003597731
2.227964E-05
-444.6839
13.9431
-9.857767E+08
3.398198E+08
-53.53364
1.361356E-14
1.150688E+13
2.814506E-14
-0.01060107
-1686211
-1.887201E+12
-9.871205
9.976989E-17
3.872238E-12
830128.4
-1254514
3.463542E+18
-70615.22
5386.729
2.267922E-16
-7.239536E-05
1.421012E-16
1.229625E+15
3.206483E-12
-2.419642E-12
-9.091519E-07
1.552498E-12
0.00176864
3.441486E-09
-1.620473E+11
2.080212E-10
1.74064E+11
-74797
-3.466637E-09
-1.869806E-15
-4.528313E+11
-8.199403E-07
-0.1066198
1.730293E-16
6.888296E+13
190124.3
0.005395252
-1.790989
8.766857E+12
1.92547E+10
1.64734
-1.418231E+16
-7.052495
1224468
9.62401E-16
1.05628E+18
1.820017E+12
7.384178E+18
9.34578E-15
-3.240377E+11
-1.917372E-07
-0.0007268823
-4.321505E-07
-6.906188E-07
1.234556E-19
9.568515E+09
5.850848E-12
-2.332349E+07
0.2180985
-1.685265E-12
8.453448E+12
5.762494E+07
59624.02
-1.693726E+15
5.966474E+07
-3.212506E-13
-7.606436E-08
-3.301695E-06
-101.1811
6.429822E-10
-1.427936E+10
-1.471191E-06
1.528833E+14
7.748526E-11
-0.1577892
-1.642997E-12
0.04688574
-478.1597
-1.03139E+18
-78004.41
-2.453857E-10
9343.259
-2.923561E-08
2.411799E-08
3198.041
2.855691E-12
1.097317E+12
4.664928E+16
3.728997E+14
3.937999E+15
3.574453E-11
-65.1999
6.021786E+12
-0.02609694
2.225928E+08
16528.97
-1.439584E-14
0.00126207
-9.940386E+09
-9.795689E+09
-0.04814926
2.713017E-10
-6.394693E-11
6416773
2.442618E+13
2.26334E+09
-1.074631E-06
-8.856277E+14
92062.17
-69016.16
1.824995E-16
-0.02578588
127.9396
-335514.2
1.085446E+09
-7.559937E-19
-4.566987E-12
3.929382E-15
-6.129005E-16
3.31756E-08
-1.712017E-13
-1.730267E-13
3.44427E-09
-0.03872151
6.459803E+12
1.133575E-19
-3.725636E-06
-2.566003E-11
4.371743E-08
45307.14
7.14062E+13
2.230263E+13
-2758.8
2.777343E-20
1.447489E+18
2.383284E+10
-1.297085E-12
-0.006273005
5.285426E-10
1215058
-417607.9
-5.624602E+08
1.625993E-16
-9.952011E-18
66190.5
-533.3535
1.037482E+12
-1.805297E+18
-5.082727
-9.985371
-4.62009E-11
-2.669761E+12
-7.593695E-15
-9.267009E-10
0.0001550917
-1.417274E-17
-1.794532E+11
535.2763
-253276.5
-257942.3
8.732398E-13
1.188612E+16
5.691127E-05
5.339043E+11
-595.3911
3.321827E-18
6319640
-1.289497E-06
-0.2552545
5.685335E+09
308244.7
642.8152
7348078
-3.80428E-10
-0.02474338
-4.487885E-12
-4.23375E+15
-2.293222E-19
-704696.7
-1.871973E-16
-1.56301E-19
7.212264E-12
10.35186
-778.1212
-1.729899E-10
-1.523865E+13
-22.27889
2.589775E-15
-5.340487E-05
-5.31575E+07
9.040864E+11
-0.000764965
10087.88
1.553413E-05
5.344609E-10
-9.798476
-8.434014E-14
3.105008E-16
2.012742E-08
3.464322E-09
-2.986656E+07
2.687386E-10
-5.601478E-10
-864.9875
-7810870
-0.06056176
-1.707841E+17
2.466555E+07
130484.2
-2.014632E+18
7.331386E+18
1599.297
-7.574853E+08
2.512934E-06
-0.00016707
5.791372E+10
9.851735E-13
-6964.972
-4.866705E-06
4.866535
1.265447E-08
3.545289E-06
-3.626988E+08
32418.71
5.017979E+09
-1.631418E-18
3.192162E+10
1.230251E-17
-5.995232E+10
-1.410634E+08
-9.504851E+14
-46972.26
-7.796288
-6.094929E-18
9.908236E-14
5.10513
-5.165618E+08
-9.587672E+08
1.954424E+08
2779.09
1.642569E+08
-1026366
-1.064244E-08
-3.392308E-10
6.924061
7.670035E-19
0.02189401
1.025328E-17
2.759963E+12
3.064956E-09
1.367282E-14
1.035545E-06
-16.94027
1686.922
3.899685E+14
-1.299577E-14
1.322785E-06
-0.3060179
-44847.11
0.01428584
-0.9810223
6.532851E+07
-1.009887E+08
-7.764414E+07
9.524654E+14
-1.63269E-14
-9.426484E+13
